0:
c0: 20 0
c1: 1 14
c2: 9 2
c3: 3 0
c4: 17 0
c5: 1 6
c6: 20 1
c7: 2 4
c8: 1 3
c9: 10 1
c10: 4 1
c11: 30 0
c12: 1 10
c13: 5 1
c14: 2 6
c15: 133 0
c16: 32 0
c17: 9 0
c18: 1 8
c19: 13 1
c20: 6 1
c21: 1 4
c22: 1 4
c23: 3 2

1684:
c0: 70 0
c1: 11 0
c2: 153 0
c3: 2 2
c4: 29 0
c5: 20 0
c6: 12 0
c7: 83 0
c8: 98 0
c9: 21 1
c10: 3 2
c11: 18 0
c12: 3 2
c13: 9 0
c14: 225 0
c15: 10 1
c16: 10 0

0:
c0: 21 0
c1: 2 6
c2: 10 1
c3: 4 0
c4: 18 0
c5: 2 2
c6: 21 1
c7: 3 3
c8: 2 2
c9: 11 1
c10: 5 1
c11: 31 0
c12: 2 4
c13: 6 1
c14: 3 3
c15: 134 0
c16: 33 0
c17: 10 0
c18: 2 4
c19: 14 1
c20: 7 1
c21: 2 3
c22: 2 3
c23: 4 1

1684:
c0: 71 0
c1: 12 0
c2: 154 0
c3: 3 2
c4: 30 0
c5: 21 0
c6: 13 0
c7: 84 0
c8: 99 0
c9: 22 1
c10: 4 2
c11: 19 0
c12: 4 2
c13: 10 0
c14: 226 0
c15: 11 1
c16: 11 0

1912:
58 2
136 222
428 4
563 6
1465 196
1577 320
1718 220
1912 1510
1913 38
1914 94
1915 22
1916 158
1917 380
1918 322
1919 110
1920 246
1921 80
1922 30
1923 112
1924 12
1925 250
1926 268
1927 110
1928 46
1929 302
1930 26
1931 78
1932 190
1933 22
1934 24
1935 100
1936 44
1937 8
1938 378
1939 158
1940 186
1941 446
1942 78
1943 384
1944 58
1945 292
1946 382
1947 240
1948 216
1949 16
1950 24
1951 128
1952 34
1953 246
1954 186
1955 184
1956 16
1957 78
1958 68
1959 240
1960 86
1961 14
1962 374
1963 172
1964 192
1965 40
1966 344
1967 4
1968 70
1969 8
1970 144
1971 352
1972 140
1973 130
1974 14
1975 72
1976 78
1977 18
1978 30
1979 352
1980 114
1981 110
1982 38
1983 398
1984 356
1985 448
1986 306
1987 72
1988 48
1989 174
1990 40
1991 98
1992 30
1993 406
1994 128
1995 126
1996 8
1997 270
1998 108
1999 68
2000 66
2001 120
2002 170
2003 96
2004 100
2005 310
2006 104
2007 342
2008 14
2009 90
2010 168
2011 80
2012 30
2013 18
2014 20
2015 10
2016 36
2017 14
2018 110
2019 38
2020 316
2021 62
2022 100
2023 50
2024 106
2025 60
2026 192
2027 88
2028 212
2029 68
2030 374
2031 106
2032 294
2033 346
2034 16
2035 60
2036 42
2037 346
2038 246
2039 224
2040 304
2041 16
2042 192
2043 348
2044 50
2045 352
2046 246
2047 410
2048 34
2049 74
2050 46
2051 18
2052 212
2053 230
2054 326
2055 146
2056 230
2057 84
2058 152
2059 386
2060 212
2061 96
2062 152
2063 282
2064 372
2065 52
2066 18
2067 66
2068 282
2069 336
2070 26
2071 246
2072 258
2073 390
2074 324
2075 96
2076 34
2077 252
2078 408
2079 2
2080 18
2081 344
2082 36
2083 294
2084 282
2085 60
2086 272
2087 312
2088 396
2089 46
2090 378
2091 68
2092 86
2093 354
2094 14
2095 308
2096 42
2097 76
2098 234
2099 32
2100 12
2101 142
2102 264
2103 368
2104 362
2105 22
2106 8
2107 74
2108 328
2109 270
2110 86
2111 368
2112 320
2113 20
2114 30
2115 272
2116 130
2117 284
2118 376
2119 30
2120 46
2121 316
2122 292
2123 406
2124 338
2125 242
2126 108
2127 224
2128 184
2129 76
2130 22
2131 396
2132 188
2133 318
2134 170
2135 176
2136 148
2137 98
2138 276
2139 356
2140 342
2141 48
2142 442
2143 204
2144 156
2145 86
2146 48
2147 82
2148 180
2149 256
2150 384
2151 172
2152 36
2153 278
2154 320
2155 82
2156 54
2157 78
2158 20
2159 96
2160 48
2161 164
2162 30
2163 62
2164 184
2165 256
2166 18
2167 10
2168 6
2169 218
2170 36
2171 132
2172 386
2173 60
2174 240
2175 16
2176 234
2177 22
2178 6
2179 188
2180 228
2181 34
2182 16
2183 268
2184 372
2185 34
2186 36
2187 296
2188 388
2189 226
2190 336
2191 176
2192 82
2193 28
2194 218
2195 2
2196 220
2197 44
2198 110
2199 350
2200 346
2201 380
2202 98
2203 200
2204 8
2205 28
2206 420
2207 44
2208 44
2209 72
2210 196
2211 108
2212 280
2213 206
2214 54
2215 116
2216 266
2217 26
2218 410
2219 10
2220 390
2221 82
2222 92
2223 232
2224 258
2225 84
2226 102
2227 14
2228 64
2229 414
2230 10
2231 72
2232 142
2233 444
2234 58
2235 140
2236 74
2237 248
2238 26
2239 88
2240 402
2241 238
2242 80
2243 118
2244 400
2245 14
2246 190
2247 244
2248 36
2249 38
2250 218
2251 18
2252 20
2253 314
2254 180
2255 20
2256 14
2257 310
2258 98
2259 110
2260 40
2261 258
2262 28
2263 14
2264 150
2265 22
2266 468
2267 166
2268 260
2269 2
2270 30
2271 360
2272 58
2273 182
2274 70
2275 370
2276 308
2277 32
2278 348
2279 258
2280 118
2281 18
2282 308
2283 322
2284 112
2285 110
2286 48
2287 136
2288 42
2289 320
2290 368
2291 34
2292 284
2293 108
2294 244
2295 46
2296 68
2297 76
2298 34
2299 310
2300 244
2301 20
2302 246
2303 58
2304 132
2305 32
2306 226
2307 282
2308 312
2309 398
2310 46
2311 102
2312 32
2313 170
2314 38
2315 146
2316 20
2317 72
2318 74
2319 244
2320 32
2321 14
2322 92
2323 366
2324 394
2325 158
2326 360
2327 250
2328 332
2329 248
2330 96
2331 380
2332 206
2333 320
2334 278
2335 68
2336 300
2337 70
2338 218
2339 364
2340 396
2341 52
2342 56
2343 158
2344 242
2345 104
2346 72
2347 582
2348 302
2349 36
2350 56
2351 220
2352 336
2353 172
2354 354
2355 60
2356 344
2357 26
2358 12
2359 294
2360 24
2361 90
2362 50
2363 334
2364 130
2365 110
2366 72
2367 100
2368 158
2369 394
2370 316
2371 72
2372 210
2373 24
2374 336
2375 12
2376 358
2377 188
2378 100
2379 72
2380 6
2381 352
2382 4
2383 48
2384 376
2385 114
2386 278
2387 100
2388 12
2389 56
2390 98
2391 144
2392 184
2393 64
2394 190
2395 358
2396 138
2397 70
2398 216
2399 154
2400 38
2401 42
2402 30
2403 34
2404 340
2405 40
2406 72
2407 178
2408 306
2409 356
2410 414
2411 64
2412 62
2413 34
2414 366
2415 82
2416 74
2417 140
2418 234
2419 218
2420 162
2421 16
2422 10
2423 330
2424 22
2425 72
2426 36
2427 50
2428 382
2429 172
2430 292
2431 10
2432 56
2433 294
2434 182
2435 54
2436 188
2437 10
2438 136
2439 20
2440 68
2441 8
2442 6
2443 46
2444 32
2445 140
2446 322
2447 98
2448 66
2449 92
2450 24
2451 218
2452 20
2453 28
2454 32
2455 32
2456 16
2457 2
2458 198
2459 92
2460 338
2461 248
2462 192
2463 252
2464 404
2465 120
2466 22
2467 260
2468 354
2469 270
2470 2
2471 264
2472 154
2473 98
2474 52
2475 194
2476 72
2477 226
2478 186
2479 92
2480 54
2481 6
2482 320
2483 6
2484 252
2485 274
2486 36
2487 18
2488 78
2489 216
2490 30
2491 242
2492 356
2493 12
2494 78
2495 290
2496 44
2497 50
2498 188
2499 186
2500 362
2501 152
2502 86
2503 32
2504 302
2505 10
2506 248
2507 402
2508 196
2509 268
2510 276
2511 280
2512 210
2513 30
2514 18
2515 26
2516 176
2517 12
2518 96
2519 70
2520 330
2521 282
2522 28
2523 34
2524 26
2525 70
2526 382
2527 8
2528 14
2529 72
2530 58
2531 46
2532 212
2533 198
2534 36
2535 22
2536 126
2537 190
2538 112
2539 280
2540 62
2541 4
2542 392
2543 588
2544 60
2545 18
2546 288
2547 108
2548 16
2549 322
2550 324
2551 316
2552 224
2553 346
2554 186
2555 270
2556 262
2557 62
2558 44
2559 330
2560 402
2561 310
2562 28
2563 220
2564 376
2565 8
2566 52
2567 232
2568 22
2569 2
2570 42
2571 60
2572 38
2573 304
2574 206
2575 282
2576 90
2577 40
2578 328
2579 232
2580 12
2581 48
2582 202
2583 92
2584 30
2585 80
2586 374
2587 38
2588 182
2589 158
2590 394
2591 192
2592 250
2593 370
2594 188
2595 6
2596 2
2597 210
2598 328
2599 28
2600 364
2601 380
2602 396
2603 136
2604 392
2605 34
2606 150
2607 390
2608 198
2609 98
2610 102
2611 414
2612 56
2613 62
2614 34
2615 370
2616 200
2617 228
2618 46
2619 328
2620 110
2621 12
2622 42
2623 260
2624 376
2625 372
2626 68
2627 82
2628 56
2629 254
2630 346
2631 232
2632 14
2633 82
2634 10
2635 40
2636 76
2637 70
2638 332
2639 74
2640 112
2641 38
2642 254
2643 200
2644 54
2645 108
2646 270
2647 96
2648 96
2649 244
2650 36
2651 14
2652 98
2653 144
2654 302
2655 336
2656 32
2657 104
2658 72
2659 116
2660 76

3980:
594 8
3980 118
3981 16
3982 28
3983 4
3984 2
3985 12
3986 18
3987 4
3988 14
3989 12
3990 8
3991 6
3992 6
3993 12
3994 22
3995 18
3996 8
3997 22
3998 28
3999 8
4000 18
4001 4
4002 14
4003 10
4004 20
4005 6
4006 4
4007 8
4008 2
4009 20
4010 2
4011 8
4012 4
4013 12
4014 24
4015 2
4016 8
4017 18
4018 14
4019 16
4020 16
4021 22
4022 2
4023 36
4024 2
4025 8
4026 18
4027 14
4028 4
4029 4
4030 38
4031 22
4032 4
4033 6
4034 4
4035 2
4036 4
4037 8
4038 18
